7 50
119 50
162 50
164 50
60 50
23 50
351 50
1 50
65 50
24 50
172 50
408 50
8 50
9 50
10 50
18 50
68 50
69 50
166 50
27 50
19 50
28 50
216 50
29 50
181 50
30 50
71 50
32 50
34 50
36 50
2 50
37 50
38 50
39 50
221 50
40 50
41 50
42 50
150 50
43 50
14 50
44 50
224 50
46 50
125 50
149 50
77 50
6 50
154 50
79 50
50 50
177 50
130 50
194 50
52 50
395 50
169 50
257 50
267 50
276 50
415 50
106 50
148 50
280 50
343 50
7 92
117 92
162 92
163 92
15 92
22 92
120 92
140 92
171 92
23 92
351 92
1 92
24 92
172 92
180 92
305 92
121 92
16 92
17 92
210 92
122 92
123 92
157 92
8 92
9 92
10 92
19 92
124 92
28 92
216 92
29 92
30 92
31 92
71 92
32 92
33 92
35 92
36 92
2 92
158 92
75 92
39 92
40 92
43 92
14 92
45 92
46 92
47 92
225 92
168 92
227 92
48 92
149 92
77 92
78 92
173 92
5 92
6 92
79 92
81 92
50 92
364 92
177 92
238 92
86 92
88 92
51 92
146 92
193 92
174 92
395 92
169 92
106 92
148 92
342 92
56 92
57 92
280 92
7 91
117 91
162 91
163 91
15 91
22 91
120 91
140 91
171 91
23 91
351 91
1 91
24 91
172 91
180 91
305 91
121 91
16 91
17 91
210 91
122 91
123 91
157 91
8 91
9 91
10 91
19 91
124 91
28 91
216 91
29 91
30 91
31 91
71 91
32 91
33 91
35 91
36 91
2 91
158 91
75 91
39 91
40 91
43 91
14 91
45 91
46 91
47 91
225 91
168 91
227 91
48 91
149 91
77 91
78 91
173 91
5 91
6 91
79 91
81 91
50 91
364 91
177 91
238 91
86 91
88 91
51 91
146 91
193 91
174 91
395 91
169 91
106 91
148 91
342 91
56 91
57 91
280 91
140 126
33 126
35 126
2 126
40 126
42 126
14 126
47 126
194 126
131 126
23 145
65 145
114 145
144 145
216 145
29 145
145 145
32 145
167 145
14 145
46 145
125 145
168 145
126 145
227 145
48 145
88 145
247 145
395 145
178 145
106 145
148 145
119 159
59 159
163 159
164 159
15 159
60 159
16 159
165 159
8 159
175 159
68 159
69 159
70 159
19 159
12 159
345 159
32 159
36 159
167 159
158 159
37 159
42 159
14 159
44 159
110 159
224 159
46 159
6 159
154 159
80 159
156 159
50 159
425 159
194 159
131 159
135 159
362 159
161 159
296 159
407 159
340 159
106 159
343 159
7 59
117 59
118 59
119 59
119 59
59 59
162 59
163 59
15 59
15 59
60 59
22 59
120 59
140 59
204 59
141 59
351 59
1 59
65 59
24 59
172 59
180 59
114 59
305 59
121 59
16 59
408 59
122 59
123 59
8 59
175 59
9 59
10 59
18 59
69 59
70 59
11 59
361 59
27 59
19 59
12 59
13 59
28 59
216 59
29 59
145 59
30 59
31 59
357 59
345 59
71 59
33 59
35 59
36 59
138 59
219 59
158 59
75 59
37 59
38 59
40 59
42 59
42 59
43 59
14 59
14 59
182 59
110 59
45 59
76 59
46 59
125 59
47 59
225 59
168 59
126 59
227 59
48 59
149 59
49 59
77 59
79 59
81 59
156 59
50 59
83 59
177 59
84 59
88 59
148 59
55 59
56 59
280 59
113 59
7 236
117 236
118 236
119 236
59 236
162 236
163 236
15 236
60 236
22 236
351 236
1 236
65 236
24 236
114 236
17 236
123 236
157 236
8 236
9 236
10 236
18 236
68 236
11 236
19 236
13 236
28 236
145 236
30 236
31 236
71 236
32 236
33 236
36 236
167 236
4 236
138 236
219 236
158 236
37 236
38 236
39 236
40 236
41 236
42 236
43 236
14 236
44 236
182 236
110 236
223 236
76 236
224 236
225 236
227 236
149 236
78 236
5 236
6 236
154 236
79 236
156 236
50 236
364 236
83 236
130 236
84 236
238 236
87 236
379 236
246 236
247 236
52 236
395 236
169 236
438 236
106 236
148 236
56 236
57 236
343 236
113 236
59 240
22 240
171 240
172 240
123 240
9 240
10 240
166 240
11 240
361 240
19 240
13 240
28 240
158 240
75 240
43 240
14 240
44 240
46 240
177 240
342 240
57 240
113 240
351 252
1 252
65 252
28 252
71 252
219 252
158 252
75 252
43 252
83 252
201 252
88 252
148 252
342 252
55 252
37 254
117 260
59 260
120 260
1 260
157 260
216 260
29 260
158 260
75 260
48 260
364 260
130 260
86 260
456 260
56 260
58 260
314 327
7 327
117 327
118 327
119 327
162 327
163 327
109 327
60 327
22 327
171 327
23 327
1 327
65 327
24 327
172 327
8 327
9 327
10 327
18 327
69 327
166 327
361 327
12 327
13 327
28 327
216 327
29 327
30 327
31 327
281 327
32 327
36 327
4 327
138 327
219 327
75 327
221 327
42 327
43 327
14 327
44 327
110 327
223 327
224 327
46 327
125 327
47 327
225 327
168 327
126 327
227 327
48 327
149 327
49 327
77 327
78 327
173 327
5 327
6 327
199 327
79 327
80 327
81 327
50 327
364 327
87 327
88 327
316 327
194 327
131 327
53 327
136 327
169 327
161 327
112 327
469 327
342 327
280 327
113 327
58 327
162 205
60 205
22 205
120 205
204 205
24 205
8 205
11 205
361 205
12 205
28 205
30 205
357 205
32 205
138 205
75 205
38 205
39 205
43 205
222 205
14 205
44 205
110 205
149 205
77 205
127 205
5 205
6 205
154 205
239 205
86 205
135 205
319 205
335 205
106 205
384 205
