7 50
117 50
118 50
119 50
59 50
162 50
163 50
164 50
15 50
109 50
60 50
197 50
22 50
120 50
140 50
171 50
23 50
204 50
141 50
1 50
24 50
172 50
142 50
180 50
114 50
305 50
121 50
16 50
17 50
306 50
25 50
210 50
408 50
122 50
165 50
123 50
157 50
8 50
9 50
143 50
10 50
18 50
68 50
69 50
70 50
166 50
11 50
27 50
144 50
405 50
19 50
12 50
124 50
13 50
216 50
29 50
145 50
181 50
30 50
31 50
281 50
357 50
345 50
217 50
461 50
489 50
71 50
72 50
32 50
33 50
176 50
34 50
35 50
36 50
2 50
73 50
167 50
4 50
138 50
219 50
158 50
75 50
37 50
38 50
39 50
221 50
40 50
41 50
42 50
150 50
14 50
44 50
358 50
182 50
110 50
45 50
311 50
223 50
76 50
224 50
46 50
125 50
47 50
225 50
168 50
126 50
227 50
48 50
149 50
49 50
77 50
78 50
127 50
173 50
229 50
5 50
6 50
154 50
191 50
230 50
199 50
231 50
80 50
81 50
155 50
50 50
364 50
380 50
201 50
177 50
401 50
314 50
425 50
130 50
346 50
84 50
238 50
239 50
86 50
87 50
159 50
88 50
51 50
146 50
315 50
89 50
160 50
242 50
429 50
316 50
317 50
193 50
194 50
131 50
132 50
133 50
379 50
318 50
183 50
115 50
195 50
139 50
245 50
92 50
174 50
135 50
52 50
184 50
185 50
93 50
417 50
395 50
94 50
294 50
116 50
111 50
178 50
423 50
437 50
319 50
320 50
136 50
321 50
255 50
169 50
161 50
413 50
325 50
112 50
359 50
96 50
326 50
257 50
328 50
329 50
495 50
365 50
451 50
479 50
179 50
262 50
264 50
265 50
266 50
196 50
331 50
382 50
469 50
411 50
480 50
412 50
269 50
333 50
334 50
335 50
186 50
406 50
481 50
441 50
430 50
98 50
375 50
482 50
296 50
349 50
426 50
99 50
414 50
270 50
100 50
147 50
391 50
485 50
188 50
442 50
443 50
336 50
465 50
271 50
487 50
337 50
458 50
338 50
470 50
392 50
101 50
452 50
367 50
377 50
272 50
102 50
407 50
273 50
368 50
340 50
275 50
419 50
472 50
459 50
104 50
189 50
446 50
341 50
447 50
378 50
427 50
276 50
448 50
415 50
435 50
460 50
106 50
393 50
153 50
394 50
148 50
342 50
202 50
56 50
57 50
280 50
343 50
113 50
58 50
7 91
117 91
118 91
119 91
59 91
162 91
163 91
164 91
15 91
109 91
197 91
22 91
120 91
140 91
23 91
141 91
1 91
65 91
24 91
172 91
142 91
180 91
305 91
16 91
17 91
25 91
210 91
122 91
165 91
123 91
8 91
9 91
10 91
18 91
69 91
166 91
27 91
19 91
12 91
13 91
28 91
216 91
29 91
145 91
30 91
31 91
281 91
357 91
217 91
461 91
489 91
71 91
32 91
33 91
35 91
36 91
2 91
73 91
167 91
4 91
219 91
158 91
75 91
38 91
39 91
221 91
40 91
41 91
42 91
150 91
43 91
14 91
44 91
358 91
182 91
110 91
45 91
223 91
76 91
224 91
46 91
125 91
47 91
225 91
48 91
149 91
78 91
5 91
6 91
154 91
191 91
80 91
81 91
155 91
50 91
364 91
83 91
201 91
177 91
314 91
425 91
130 91
346 91
84 91
238 91
421 91
239 91
87 91
159 91
88 91
51 91
317 91
194 91
318 91
139 91
174 91
135 91
52 91
185 91
94 91
253 91
320 91
362 91
169 91
161 91
112 91
328 91
106 91
148 91
342 91
56 91
57 91
280 91
113 91
58 91
7 92
117 92
118 92
119 92
59 92
162 92
163 92
164 92
15 92
109 92
197 92
22 92
120 92
140 92
23 92
141 92
1 92
65 92
24 92
172 92
142 92
180 92
305 92
16 92
17 92
25 92
210 92
122 92
165 92
123 92
8 92
9 92
10 92
18 92
69 92
166 92
27 92
19 92
12 92
13 92
28 92
216 92
29 92
145 92
30 92
31 92
281 92
357 92
217 92
461 92
489 92
71 92
32 92
33 92
35 92
36 92
2 92
73 92
167 92
4 92
219 92
158 92
75 92
38 92
39 92
221 92
40 92
41 92
42 92
150 92
43 92
14 92
44 92
358 92
182 92
110 92
45 92
223 92
76 92
224 92
46 92
125 92
47 92
225 92
48 92
149 92
78 92
5 92
6 92
154 92
191 92
80 92
81 92
155 92
50 92
364 92
83 92
201 92
177 92
314 92
425 92
130 92
346 92
84 92
238 92
421 92
239 92
87 92
159 92
88 92
51 92
317 92
194 92
318 92
139 92
174 92
135 92
52 92
185 92
94 92
253 92
320 92
362 92
169 92
161 92
112 92
328 92
106 92
148 92
342 92
56 92
57 92
280 92
113 92
58 92
7 126
117 126
118 126
119 126
59 126
163 126
164 126
15 126
109 126
60 126
22 126
120 126
140 126
171 126
23 126
141 126
1 126
65 126
24 126
172 126
142 126
180 126
114 126
305 126
121 126
16 126
17 126
306 126
25 126
210 126
408 126
122 126
123 126
157 126
8 126
175 126
9 126
143 126
10 126
18 126
68 126
198 126
69 126
70 126
166 126
11 126
361 126
27 126
144 126
405 126
19 126
12 126
124 126
13 126
28 126
216 126
29 126
145 126
181 126
30 126
31 126
357 126
345 126
217 126
461 126
489 126
71 126
72 126
32 126
33 126
176 126
34 126
35 126
36 126
2 126
73 126
167 126
4 126
138 126
219 126
158 126
75 126
37 126
38 126
39 126
221 126
40 126
42 126
150 126
43 126
222 126
14 126
44 126
358 126
110 126
45 126
224 126
46 126
125 126
47 126
225 126
168 126
126 126
227 126
48 126
149 126
49 126
77 126
78 126
127 126
229 126
5 126
6 126
154 126
128 126
230 126
199 126
231 126
79 126
80 126
81 126
155 126
50 126
364 126
83 126
201 126
177 126
401 126
314 126
425 126
130 126
84 126
238 126
87 126
159 126
88 126
51 126
146 126
315 126
89 126
242 126
316 126
193 126
194 126
90 126
131 126
132 126
133 126
379 126
318 126
183 126
115 126
195 126
422 126
244 126
139 126
245 126
92 126
174 126
246 126
135 126
247 126
52 126
184 126
185 126
93 126
417 126
395 126
94 126
294 126
116 126
111 126
151 126
423 126
319 126
320 126
136 126
254 126
362 126
255 126
169 126
161 126
413 126
325 126
112 126
96 126
256 126
410 126
326 126
152 126
257 126
438 126
260 126
495 126
330 126
365 126
451 126
479 126
262 126
263 126
264 126
265 126
266 126
267 126
196 126
331 126
382 126
383 126
469 126
332 126
411 126
480 126
412 126
269 126
334 126
335 126
295 126
466 126
396 126
390 126
441 126
98 126
482 126
349 126
414 126
270 126
147 126
484 126
391 126
387 126
336 126
465 126
486 126
487 126
337 126
458 126
338 126
470 126
392 126
367 126
272 126
102 126
407 126
368 126
103 126
459 126
189 126
427 126
415 126
435 126
460 126
106 126
393 126
153 126
449 126
148 126
342 126
202 126
56 126
57 126
280 126
343 126
113 126
58 126
321 126
354 126
104 126
276 126
119 145
59 145
163 145
197 145
171 145
23 145
180 145
121 145
210 145
408 145
122 145
165 145
123 145
157 145
8 145
175 145
9 145
10 145
68 145
69 145
70 145
166 145
11 145
361 145
144 145
405 145
19 145
12 145
13 145
28 145
216 145
29 145
145 145
30 145
31 145
357 145
345 145
217 145
461 145
71 145
72 145
176 145
35 145
167 145
138 145
219 145
158 145
75 145
37 145
38 145
221 145
40 145
42 145
150 145
14 145
44 145
358 145
182 145
110 145
45 145
311 145
223 145
46 145
125 145
225 145
168 145
227 145
48 145
49 145
127 145
173 145
374 145
228 145
229 145
6 145
409 145
230 145
79 145
81 145
155 145
156 145
50 145
201 145
177 145
401 145
425 145
84 145
238 145
239 145
86 145
159 145
88 145
51 145
146 145
89 145
429 145
316 145
317 145
194 145
131 145
133 145
379 145
318 145
183 145
115 145
195 145
422 145
244 145
139 145
245 145
92 145
135 145
247 145
52 145
184 145
185 145
93 145
417 145
94 145
255 145
112 145
96 145
259 145
328 145
495 145
330 145
263 145
267 145
332 145
411 145
334 145
106 145
148 145
57 145
280 145
343 145
15 159
23 159
1 159
24 159
16 159
17 159
408 159
123 159
9 159
10 159
18 159
68 159
11 159
181 159
71 159
34 159
36 159
2 159
73 159
138 159
219 159
40 159
150 159
14 159
110 159
46 159
47 159
154 159
50 159
88 159
131 159
395 159
178 159
136 159
113 159
7 59
118 59
59 59
164 59
109 59
60 59
22 59
120 59
140 59
171 59
204 59
1 59
24 59
114 59
305 59
306 59
9 59
10 59
18 59
69 59
70 59
11 59
19 59
12 59
124 59
13 59
216 59
29 59
181 59
357 59
461 59
71 59
32 59
176 59
35 59
36 59
138 59
158 59
37 59
221 59
43 59
222 59
44 59
110 59
224 59
46 59
125 59
225 59
168 59
48 59
149 59
49 59
78 59
127 59
173 59
5 59
6 59
154 59
155 59
425 59
86 59
88 59
174 59
246 59
135 59
395 59
169 59
266 59
196 59
382 59
411 59
342 59
56 59
343 59
113 59
58 59
7 236
118 236
119 236
163 236
164 236
15 236
109 236
60 236
22 236
120 236
140 236
171 236
23 236
1 236
24 236
172 236
142 236
114 236
305 236
121 236
16 236
17 236
25 236
210 236
408 236
122 236
123 236
157 236
8 236
9 236
143 236
10 236
18 236
69 236
70 236
166 236
11 236
27 236
144 236
405 236
19 236
12 236
124 236
13 236
216 236
29 236
145 236
181 236
30 236
31 236
357 236
345 236
217 236
489 236
71 236
33 236
34 236
36 236
2 236
73 236
167 236
4 236
138 236
219 236
158 236
75 236
37 236
38 236
39 236
221 236
40 236
42 236
43 236
222 236
14 236
44 236
110 236
45 236
223 236
46 236
125 236
225 236
168 236
126 236
48 236
149 236
49 236
77 236
127 236
173 236
5 236
6 236
154 236
230 236
199 236
231 236
80 236
155 236
50 236
380 236
177 236
314 236
84 236
238 236
86 236
87 236
159 236
88 236
51 236
146 236
315 236
89 236
160 236
194 236
131 236
183 236
195 236
174 236
247 236
52 236
185 236
395 236
116 236
111 236
178 236
253 236
321 236
362 236
161 236
413 236
112 236
96 236
410 236
326 236
495 236
365 236
97 236
179 236
262 236
264 236
196 236
382 236
480 236
333 236
334 236
186 236
342 236
56 236
280 236
343 236
113 236
7 240
117 240
118 240
119 240
59 240
162 240
163 240
164 240
15 240
109 240
60 240
197 240
22 240
120 240
140 240
171 240
23 240
204 240
141 240
1 240
24 240
172 240
142 240
180 240
114 240
305 240
121 240
16 240
17 240
306 240
210 240
408 240
122 240
165 240
123 240
157 240
8 240
9 240
10 240
18 240
69 240
70 240
166 240
11 240
27 240
405 240
19 240
12 240
124 240
13 240
28 240
216 240
29 240
145 240
181 240
30 240
31 240
281 240
357 240
345 240
217 240
461 240
489 240
71 240
72 240
32 240
33 240
35 240
36 240
2 240
167 240
4 240
138 240
219 240
158 240
75 240
37 240
38 240
39 240
40 240
41 240
42 240
150 240
43 240
222 240
14 240
44 240
358 240
182 240
110 240
45 240
311 240
223 240
76 240
224 240
46 240
125 240
47 240
225 240
168 240
126 240
227 240
48 240
149 240
49 240
77 240
78 240
127 240
173 240
229 240
5 240
6 240
154 240
191 240
199 240
79 240
80 240
81 240
155 240
156 240
50 240
364 240
201 240
177 240
314 240
130 240
346 240
84 240
238 240
85 240
421 240
239 240
86 240
88 240
51 240
160 240
429 240
194 240
90 240
174 240
246 240
135 240
247 240
395 240
95 240
111 240
319 240
362 240
169 240
112 240
270 240
377 240
272 240
273 240
275 240
106 240
107 240
153 240
148 240
342 240
55 240
202 240
56 240
455 240
57 240
280 240
343 240
113 240
58 240
7 252
117 252
119 252
59 252
162 252
163 252
164 252
109 252
22 252
120 252
140 252
23 252
351 252
1 252
65 252
172 252
142 252
180 252
121 252
17 252
306 252
25 252
210 252
122 252
165 252
9 252
10 252
69 252
166 252
11 252
144 252
405 252
19 252
28 252
29 252
145 252
217 252
71 252
32 252
33 252
35 252
219 252
158 252
40 252
43 252
14 252
182 252
76 252
224 252
46 252
48 252
149 252
49 252
5 252
6 252
154 252
80 252
81 252
50 252
83 252
201 252
177 252
314 252
425 252
87 252
159 252
315 252
316 252
193 252
183 252
115 252
195 252
247 252
106 252
148 252
343 252
37 254
194 254
426 254
117 254
119 254
163 254
164 254
109 254
22 254
120 254
1 254
65 254
216 254
75 254
126 254
149 254
5 254
130 254
316 254
446 254
343 254
171 260
1 260
114 260
17 260
210 260
361 260
19 260
12 260
30 260
176 260
2 260
73 260
40 260
110 260
223 260
225 260
89 260
131 260
318 260
395 260
178 260
413 260
273 260
104 260
57 260
7 327
117 327
118 327
119 327
59 327
162 327
163 327
164 327
15 327
109 327
60 327
197 327
22 327
120 327
171 327
23 327
141 327
1 327
65 327
24 327
172 327
142 327
180 327
114 327
305 327
121 327
16 327
17 327
210 327
408 327
122 327
165 327
157 327
9 327
143 327
10 327
166 327
11 327
27 327
144 327
405 327
19 327
12 327
124 327
13 327
216 327
29 327
30 327
31 327
281 327
345 327
217 327
489 327
33 327
35 327
36 327
2 327
167 327
4 327
138 327
219 327
158 327
75 327
37 327
39 327
41 327
42 327
150 327
14 327
358 327
110 327
45 327
223 327
76 327
224 327
46 327
125 327
47 327
225 327
168 327
126 327
227 327
48 327
149 327
49 327
77 327
78 327
127 327
173 327
5 327
6 327
154 327
191 327
230 327
199 327
231 327
80 327
81 327
155 327
50 327
364 327
380 327
346 327
84 327
88 327
51 327
146 327
242 327
429 327
317 327
193 327
131 327
106 327
148 327
342 327
280 327
343 327
113 327
58 327
7 205
118 205
119 205
162 205
163 205
164 205
15 205
109 205
60 205
22 205
120 205
140 205
171 205
23 205
204 205
141 205
1 205
24 205
172 205
142 205
180 205
114 205
305 205
121 205
306 205
210 205
408 205
165 205
123 205
157 205
8 205
9 205
143 205
10 205
18 205
68 205
69 205
166 205
11 205
27 205
144 205
19 205
12 205
124 205
13 205
216 205
29 205
145 205
181 205
30 205
31 205
281 205
357 205
345 205
217 205
461 205
71 205
72 205
32 205
33 205
176 205
34 205
35 205
36 205
2 205
73 205
167 205
4 205
138 205
219 205
158 205
75 205
37 205
38 205
39 205
40 205
41 205
150 205
43 205
222 205
14 205
44 205
358 205
182 205
110 205
45 205
223 205
224 205
125 205
47 205
225 205
168 205
126 205
227 205
48 205
149 205
49 205
77 205
78 205
127 205
5 205
6 205
154 205
80 205
81 205
155 205
50 205
401 205
314 205
425 205
130 205
84 205
238 205
86 205
87 205
159 205
88 205
51 205
146 205
315 205
89 205
160 205
316 205
131 205
132 205
318 205
183 205
115 205
245 205
92 205
174 205
246 205
135 205
247 205
52 205
185 205
93 205
395 205
94 205
294 205
116 205
111 205
178 205
423 205
437 205
319 205
136 205
254 205
255 205
169 205
161 205
413 205
325 205
112 205
359 205
256 205
410 205
152 205
257 205
264 205
335 205
406 205
296 205
349 205
426 205
270 205
188 205
338 205
407 205
273 205
275 205
189 205
427 205
415 205
460 205
106 205
394 205
148 205
342 205
202 205
56 205
57 205
343 205
113 205
58 205