50 1
192 1
251 1
115 2
23 2
149 2
73 2
128 2
141 2
237 2
109 2
14 3
120 3
239 3
98 3
64 3
33 3
61 3
153 3
195 3
93 3
67 3
252 3
174 3
217 3
224 3
201 3
53 3
234 3
157 3
231 3
115 4
107 4
159 4
43 4
208 4
122 4
135 4
213 4
270 4
244 4
60 4
254 4
230 4
156 4
52 4
149 4
73 4
83 4
196 4
67 4
214 4
237 4
160 4
181 4
217 4
136 4
47 4
201 4
53 4
234 4
108 4
114 4
173 4
268 4
182 4
205 4
263 4
209 4
139 4
28 4
242 4
222 4
64 4
33 4
241 4
49 4
199 4
179 5
50 5
192 5
122 5
83 5
160 5
27 5
135 6
254 6
83 7
196 8
204 8
151 8
257 9
109 9
57 9
195 10
122 10
175 10
60 10
2 10
83 10
164 10
204 10
141 10
214 10
21 10
14 10
109 10
137 10
113 10
114 10
245 10
37 10
99 10
95 10
259 10
241 10
84 10
79 10
207 10
55 10
166 10
199 10
63 10
85 10
231 10
237 11
160 12
35 12
62 12
265 12
27 12
74 12
94 12
250 12
68 12
253 12
49 12
125 12
63 12
149 13
136 13
109 14
108 14
16 14
256 14
109 15
108 15
16 15
115 15
43 15
235 15
112 15
171 15
213 15
25 15
60 15
149 15
73 15
83 15
164 15
67 15
141 15
160 15
257 15
11 15
27 15
192 15
158 15
104 15
6 15
224 15
47 15
201 15
23 15
98 15
239 15
234 15
168 15
135 15
254 15
59 15
218 15
153 15
122 15
71 15
85 15
143 15
194 15
217 15
133 15
212 15
124 15
233 15
93 15
20 15
266 15
172 15
74 15
190 15
96 15
66 15
118 15
229 15
253 15
35 15
62 15
265 15
34 15
102 15
5 15
136 15
120 15
57 15
50 15
92 15
72 15
185 15
22 15
142 15
65 15
80 15
199 15
87 15
67 16
83 16
109 17
190 18
155 19
144 19
171 19
160 19
35 19
226 19
178 19
124 19
62 19
265 19
224 19
27 19
87 19
31 19
63 19
256 19
61 19
109 19
25 19
47 19
158 19
135 19
69 19
213 19
83 19
157 19
208 19
195 19
102 19
73 19
251 19
53 19
57 19
108 19
239 20
109 20
23 21
67 21
237 21
47 21
201 21
234 21
31 21
37 21
98 21
138 21
134 21
78 22
135 23
109 24
135 25
254 25
128 25
257 25
178 25
124 25
183 25
233 25
113 25
114 25
258 25
109 25
57 26
108 26
250 27
68 27
23 28
47 28
109 28
115 29
107 29
159 29
43 29
155 29
235 29
51 29
89 29
195 29
179 29
25 29
126 29
60 29
23 29
149 29
73 29
67 29
160 29
35 29
271 29
62 29
265 29
47 29
27 29
109 29
57 29
157 29
258 29
192 29
92 29
220 29
158 29
63 29
69 29
181 29
4 29
270 29
149 30
73 30
230 30
194 30
160 30
174 30
35 30
27 30
17 30
256 30
257 30
53 30
109 30
135 31
145 32
213 33
109 33
209 34
83 35
110 36
115 37
107 37
159 37
43 37
155 37
235 37
51 37
89 37
67 38
83 39
208 40
135 40
171 40
213 40
270 40
23 40
81 40
149 40
73 40
128 40
217 40
177 40
224 40
47 40
27 40
157 40
264 40
6 40
236 40
222 40
243 40
61 40
183 41
109 42
109 43
223 44
72 45
109 46
12 46
156 46
72 46
164 47
214 47
163 47
257 47
109 47
62 48
109 48
115 49
107 49
159 49
43 49
155 49
235 49
51 49
89 49
135 49
189 49
254 49
81 49
164 49
67 49
163 49
257 49
21 49
35 49
226 49
14 49
239 49
109 49
57 49
264 49
39 49
49 49
22 49
141 49
19 50
135 51
109 52
115 53
107 53
159 53
43 53
155 53
235 53
122 53
179 53
112 53
135 53
171 53
270 53
175 53
244 53
189 53
60 53
230 53
106 53
196 53
128 53
237 53
160 53
163 53
252 53
169 53
181 53
178 53
136 53
269 53
201 53
265 53
120 53
239 53
183 53
109 53
234 53
78 53
137 53
133 53
229 53
8 53
114 53
258 53
132 53
245 53
173 53
168 53
100 53
211 53
50 53
192 53
123 53
74 53
190 53
96 53
205 53
20 53
92 53
215 53
220 53
34 53
26 53
154 53
29 53
218 53
197 53
24 53
104 53
236 53
118 53
250 53
68 53
110 53
99 53
13 53
148 53
70 53
152 53
247 53
255 53
254 53
161 53
222 53
98 53
138 53
259 53
91 53
147 53
22 53
219 53
228 53
76 53
121 53
146 53
127 53
42 53
125 53
130 53
176 53
210 53
3 53
44 53
160 54
35 54
62 54
265 54
27 54
63 54
144 55
83 56
141 56
163 56
257 56
224 56
47 56
201 56
144 57
135 57
136 57
177 57
124 57
168 57
205 57
20 57
92 57
266 57
95 57
140 57
270 58
149 58
73 58
214 58
252 58
124 58
269 58
31 58
173 58
24 58
250 58
242 58
67 59
19 59
216 59
126 59
237 59
160 59
35 59
62 59
265 59
27 59
109 59
258 59
63 59
115 59
16 59
57 60
135 61
254 61
67 61
191 61
183 62
141 63
237 63
141 64
237 64
171 64
163 64
269 64
218 64
187 64
248 64
167 64
45 64
166 64
177 64
213 65
81 65
67 65
141 65
237 65
160 65
35 65
62 65
265 65
27 65
63 65
83 66
164 66
67 66
141 66
214 66
237 66
163 66
267 66
178 66
11 66
57 66
157 66
114 66
258 66
246 66
50 66
192 66
264 66
8 66
122 66
63 66
160 67
35 67
62 67
265 67
27 67
63 67
25 68
119 68
211 68
150 68
170 68
163 68
97 68
21 68
213 68
270 68
160 68
27 68
31 68
192 68
104 68
13 68
102 69
163 70
257 70
21 70
158 70
104 70
6 70
160 71
35 71
62 71
265 71
27 71
63 71
144 72
109 73
141 74
137 75
254 76
115 77
107 77
159 77
43 77
155 77
235 77
51 77
89 77
69 77
195 77
12 77
171 77
213 77
270 77
126 77
60 77
2 77
149 77
73 77
83 77
164 77
128 77
67 77
160 77
97 77
174 77
35 77
271 77
181 77
48 77
251 77
124 77
269 77
62 77
265 77
53 77
239 77
27 77
109 77
234 77
137 77
233 77
238 77
86 77
229 77
143 77
221 77
157 77
31 77
258 77
132 77
246 77
50 77
192 77
264 77
205 77
20 77
92 77
266 77
215 77
220 77
18 77
116 77
158 77
104 77
6 77
16 77
63 77
231 77
135 77
136 77
81 77
115 78
155 78
189 78
223 78
81 78
83 78
128 78
111 78
186 78
178 78
48 78
251 78
201 78
191 78
234 78
157 78
113 78
168 78
205 78
266 78
206 78
75 78
236 78
148 78
7 78
241 78
82 78
91 78
219 78
65 78
80 78
41 78
103 78
90 78
167 78
193 78
88 78
30 78
203 78
162 78
225 78
180 78
9 78
198 78
38 78
36 78
260 78
58 78
101 78
200 78
261 78
77 78
202 78
166 78
117 78
243 78
141 79
237 79
160 79
35 79
226 79
62 79
265 79
27 79
87 79
63 79
256 79
132 79
67 80
160 80
35 80
62 80
265 80
8 80
264 80
215 80
83 80
128 80
141 80
50 80
158 80
178 80
32 80
27 80
63 80
67 81
109 81
57 81
141 82
237 82
115 83
107 83
159 83
43 83
155 83
235 83
51 83
89 83
57 83
108 83
255 83
237 84
128 85
157 85
57 85
108 85
112 86
12 86
171 86
213 86
230 86
194 86
59 86
160 86
257 86
35 86
269 86
62 86
265 86
27 86
17 86
16 86
63 86
57 87
108 87
168 87
135 87
254 87
59 87
218 87
153 87
122 87
71 87
85 87
143 87
194 87
217 87
133 87
212 87
124 87
233 87
93 87
20 87
266 87
224 87
47 87
98 87
16 87
172 87
74 87
190 87
96 87
66 87
118 87
229 87
253 87
160 87
35 87
62 87
265 87
27 87
34 87
115 87
107 87
159 87
43 87
155 87
235 87
51 87
89 87
252 87
232 87
158 87
141 88
237 88
263 88
24 88
46 88
159 89
155 89
89 89
208 89
153 89
179 89
171 89
270 89
244 89
60 89
2 89
149 89
73 89
83 89
164 89
196 89
93 89
119 89
67 89
178 89
124 89
269 89
265 89
109 89
234 89
233 89
8 89
57 89
108 89
157 89
173 89
211 89
264 89
205 89
34 89
263 89
158 89
249 89
242 89
10 89
99 89
259 89
138 89
131 89
40 89
147 89
165 89
61 89
11 90
135 91
254 91
11 91
213 92
67 93
102 93
270 93
160 93
27 93
109 94
135 94
11 94
109 95
109 96
153 97
179 97
264 98
115 99
107 99
159 99
43 99
155 99
235 99
51 99
89 99
25 99
67 99
160 99
35 99
226 99
271 99
62 99
265 99
27 99
87 99
109 99
50 99
192 99
266 99
250 99
68 99
63 99
256 99
255 99
224 99
47 99
201 99
124 99
112 99
69 99
270 99
23 99
73 99
177 99
245 99
158 99
98 99
72 99
199 99
237 99
215 99
122 99
71 99
104 99
6 99
127 99
16 99
85 99
205 100
68 100
143 101
158 102
107 103
52 103
83 103
227 103
129 103
212 103
24 103
177 104
109 104
149 105
83 106
213 107
237 107
109 107
171 107
208 107
73 107
243 107
23 107
35 107
85 107
98 107
107 107
157 107
115 107
168 107
135 107
254 107
59 107
218 107
153 107
122 107
71 107
143 107
194 107
217 107
133 107
212 107
124 107
233 107
93 107
20 107
266 107
224 107
47 107
16 107
172 107
74 107
190 107
96 107
66 107
118 107
229 107
253 107
160 107
62 107
265 107
27 107
34 107
89 107
155 107
270 107
25 107
244 107
83 107
67 107
50 107
92 107
263 107
256 107
61 107
195 108
179 108
126 108
60 108
83 108
164 108
160 108
257 108
271 108
124 108
27 108
109 108
233 108
57 108
157 108
258 108
71 108
192 108
92 108
220 108
67 108
115 108
107 108
159 108
43 108
155 108
235 108
51 108
89 108
214 108
169 108
54 108
136 108
47 108
108 108
231 108
1 108
57 109
108 109
161 110
7 110
141 111
214 111
237 111
115 111
107 111
159 111
43 111
155 111
235 111
51 111
89 111
141 112
128 113
67 113
237 113
109 113
57 113
108 113
32 113
187 113
72 113
218 113
213 114
270 114
81 114
108 114
218 114
68 114
72 114
157 115
160 115
50 115
192 115
264 115
158 115
151 116
234 116
262 116
195 117
25 117
60 117
73 117
83 117
164 117
141 117
160 117
257 117
271 117
124 117
27 117
109 117
233 117
157 117
71 117
192 117
92 117
220 117
57 117
108 117
239 117
122 117
237 117
252 117
6 117
68 117
42 117
105 117
85 117
194 117
217 117
114 117
69 117
213 118
83 118
164 118
53 118
109 118
213 119
156 119
67 120
157 121
135 122
161 122
81 122
252 122
174 122
19 122
195 123
233 123
222 123
72 123
17 123
128 123
111 123
50 124
220 125
115 126
2 126
240 126
119 126
15 126
87 126
109 126
114 126
211 126
264 126
268 126
182 126
96 126
129 126
209 126
139 126
184 126
64 126
33 126
40 126
61 126
115 127
107 127
159 127
43 127
155 127
235 127
51 127
89 127
57 127
108 127
255 127
122 128
178 128
251 128
11 128
87 128
137 128
258 128
32 128
50 128
192 128
264 128
205 128
20 128
266 128
215 128
199 128
16 128
63 128
256 128
51 128
75 128
74 129
190 129
96 129
66 129
179 130
60 130
271 130
109 130
233 130
57 130
157 130
258 130
71 130
245 130
122 130
175 130
161 130
52 130
23 130
196 130
204 130
128 130
160 130
35 130
226 130
178 130
62 130
27 130
87 130
108 130
17 130
197 130
158 130
104 130
6 130
187 130
56 130
147 130
77 130
85 130
195 130
250 131
68 131
25 132
244 132
23 132
240 132
83 132
164 132
163 132
224 132
47 132
8 132
57 132
108 132
190 132
150 132
111 133
258 134
25 135
257 135
269 135
149 135
69 135
239 135
109 135
213 136
217 136
133 136
270 136
149 136
73 136
83 136
67 136
214 136
237 136
158 136
67 137
111 137
11 137
37 137
91 137
188 137
16 137