115 15
107 15
159 15
43 15
155 15
235 15
51 15
89 15
135 15
208 15
69 15
195 15
122 15
179 15
102 15
112 15
144 15
12 15
171 15
270 15
25 15
175 15
244 15
189 15
60 15
254 15
161 15
223 15
230 15
194 15
106 15
156 15
52 15
2 15
23 15
149 15
240 15
73 15
83 15
164 15
196 15
204 15
5 15
128 15
151 15
59 15
119 15
67 15
141 15
214 15
237 15
163 15
257 15
97 15
21 15
252 15
174 15
111 15
186 15
169 15
267 15
15 15
35 15
226 15
271 15
181 15
14 15
217 15
178 15
136 15
177 15
48 15
251 15
124 15
269 15
62 15
265 15
224 15
47 15
201 15
53 15
120 15
239 15
11 15
109 15
234 15
78 15
137 15
233 15
133 15
1 15
229 15
143 15
8 15
57 15
108 15
157 15
31 15
113 15
114 15
258 15
71 15
132 15
32 15
245 15
246 15
173 15
168 15
211 15
50 15
192 15
264 15
74 15
190 15
96 15
66 15
20 15
92 15
266 15
17 15
220 15
26 15
227 15
154 15
29 15
263 15
129 15
212 15
218 15
197 15
24 15
75 15
158 15
104 15
6 15
249 15
37 15
118 15
170 15
94 15
250 15
68 15
209 15
139 15
28 15
110 15
10 15
99 15
13 15
253 15
262 15
56 15
222 15
98 15
95 15
259 15
7 15
140 15
72 15
138 15
39 15
241 15
82 15
131 15
49 15
40 15
147 15
4 15
165 15
142 15
103 15
146 15
127 15
125 15
130 15
176 15
105 15
44 15
70 15
152 15
247 15
232 15
84 15
90 15
167 15
193 15
207 15
30 15
203 15
162 15
225 15
9 15
198 15
38 15
36 15
260 15
58 15
55 15
200 15
261 15
77 15
145 15
45 15
202 15
166 15
199 15
16 15
256 15
85 15
231 15
19 15
255 15
243 15
61 15
115 29
107 29
159 29
43 29
155 29
235 29
51 29
89 29
135 29
208 29
195 29
122 29
179 29
112 29
12 29
171 29
213 29
270 29
25 29
175 29
189 29
254 29
161 29
230 29
194 29
156 29
52 29
23 29
149 29
73 29
83 29
196 29
5 29
151 29
67 29
141 29
237 29
160 29
163 29
257 29
97 29
252 29
174 29
111 29
186 29
267 29
15 29
35 29
271 29
181 29
217 29
178 29
136 29
177 29
48 29
251 29
269 29
62 29
265 29
47 29
201 29
53 29
120 29
239 29
11 29
27 29
109 29
234 29
78 29
137 29
233 29
133 29
229 29
143 29
8 29
57 29
108 29
157 29
31 29
71 29
132 29
246 29
50 29
192 29
264 29
74 29
20 29
92 29
266 29
17 29
220 29
206 29
227 29
154 29
29 29
263 29
129 29
212 29
218 29
116 29
197 29
75 29
158 29
104 29
94 29
68 29
10 29
222 29
98 29
259 29
138 29
172 29
91 29
147 29
4 29
199 29
16 29
85 29
231 29
19 29
243 29
61 29
115 42
107 42
159 42
43 42
155 42
51 42
89 42
135 42
208 42
69 42
195 42
122 42
179 42
102 42
112 42
12 42
171 42
213 42
270 42
25 42
175 42
244 42
189 42
60 42
254 42
161 42
223 42
230 42
194 42
106 42
156 42
52 42
2 42
23 42
81 42
149 42
240 42
73 42
83 42
164 42
196 42
204 42
5 42
128 42
93 42
151 42
59 42
119 42
67 42
141 42
214 42
237 42
160 42
163 42
257 42
97 42
21 42
252 42
174 42
186 42
169 42
267 42
15 42
35 42
226 42
271 42
181 42
14 42
217 42
178 42
136 42
177 42
48 42
251 42
124 42
269 42
62 42
265 42
224 42
47 42
201 42
53 42
239 42
11 42
27 42
87 42
109 42
234 42
78 42
233 42
133 42
8 42
57 42
108 42
157 42
31 42
113 42
114 42
258 42
71 42
132 42
32 42
245 42
246 42
173 42
211 42
50 42
192 42
264 42
268 42
190 42
96 42
66 42
205 42
20 42
92 42
266 42
17 42
220 42
206 42
227 42
154 42
29 42
263 42
212 42
218 42
75 42
158 42
104 42
6 42
249 42
118 42
170 42
250 42
68 42
209 42
139 42
28 42
110 42
10 42
99 42
13 42
253 42
184 42
262 42
56 42
148 42
222 42
98 42
95 42
259 42
7 42
140 42
72 42
138 42
39 42
241 42
49 42
91 42
40 42
147 42
4 42
165 42
76 42
142 42
65 42
41 42
103 42
146 42
127 42
42 42
125 42
130 42
176 42
210 42
105 42
44 42
70 42
152 42
232 42
188 42
90 42
193 42
88 42
162 42
9 42
198 42
38 42
55 42
45 42
166 42
199 42
117 42
16 42
256 42
85 42
231 42
19 42
255 42
243 42
61 42
43 46
155 46
51 46
102 46
112 46
175 46
60 46
194 46
106 46
156 46
52 46
2 46
23 46
81 46
149 46
73 46
164 46
196 46
204 46
5 46
128 46
93 46
59 46
119 46
67 46
141 46
237 46
160 46
163 46
257 46
97 46
252 46
174 46
186 46
169 46
267 46
15 46
35 46
226 46
217 46
48 46
124 46
269 46
62 46
265 46
224 46
47 46
53 46
239 46
11 46
109 46
234 46
78 46
137 46
233 46
133 46
1 46
229 46
57 46
108 46
31 46
113 46
258 46
71 46
32 46
173 46
168 46
100 46
211 46
192 46
123 46
190 46
205 46
92 46
266 46
215 46
17 46
227 46
29 46
212 46
218 46
197 46
24 46
75 46
158 46
104 46
6 46
249 46
170 46
94 46
68 46
209 46
28 46
110 46
10 46
99 46
13 46
253 46
184 46
262 46
56 46
222 46
98 46
95 46
259 46
7 46
140 46
138 46
40 46
121 46
41 46
42 46
44 46
199 46
16 46
231 46
19 46
255 46
135 49
112 49
171 49
270 49
254 49
161 49
106 49
52 49
149 49
73 49
83 49
164 49
128 49
21 49
35 49
14 49
178 49
136 49
177 49
124 49
269 49
53 49
11 49
109 49
233 49
57 49
157 49
264 49
17 49
158 49
209 49
72 49
82 49
49 49
243 49
115 19
159 19
155 19
89 19
208 19
69 19
195 19
122 19
179 19
102 19
144 19
171 19
270 19
244 19
189 19
223 19
149 19
73 19
83 19
196 19
204 19
128 19
67 19
141 19
214 19
237 19
163 19
257 19
21 19
186 19
15 19
35 19
271 19
217 19
178 19
124 19
62 19
224 19
27 19
87 19
234 19
233 19
8 19
57 19
108 19
31 19
113 19
71 19
132 19
32 19
246 19
173 19
168 19
50 19
192 19
264 19
266 19
29 19
24 19
158 19
148 19
222 19
72 19
147 19
127 19
125 19
176 19
44 19
85 19
255 19
243 19
61 19
115 77
159 77
43 77
51 77
89 77
135 77
208 77
69 77
195 77
122 77
179 77
102 77
112 77
171 77
270 77
25 77
244 77
189 77
60 77
254 77
161 77
230 77
194 77
106 77
156 77
52 77
2 77
23 77
149 77
240 77
73 77
83 77
196 77
204 77
5 77
128 77
151 77
59 77
119 77
67 77
141 77
214 77
237 77
163 77
257 77
97 77
21 77
252 77
174 77
186 77
169 77
267 77
35 77
181 77
14 77
178 77
136 77
177 77
48 77
251 77
124 77
269 77
62 77
265 77
224 77
47 77
201 77
53 77
239 77
27 77
87 77
109 77
234 77
233 77
133 77
229 77
57 77
108 77
31 77
113 77
114 77
71 77
132 77
32 77
245 77
173 77
168 77
50 77
192 77
264 77
190 77
96 77
66 77
20 77
266 77
17 77
26 77
227 77
154 77
212 77
218 77
24 77
75 77
158 77
104 77
6 77
249 77
37 77
68 77
209 77
99 77
253 77
98 77
259 77
72 77
241 77
82 77
172 77
91 77
4 77
165 77
76 77
103 77
125 77
176 77
247 77
84 77
85 77
19 77
255 77
243 77
115 79
107 79
159 79
43 79
155 79
235 79
51 79
89 79
135 79
208 79
69 79
195 79
122 79
179 79
102 79
112 79
144 79
12 79
171 79
270 79
25 79
175 79
244 79
189 79
60 79
254 79
161 79
223 79
194 79
106 79
156 79
52 79
2 79
23 79
149 79
73 79
83 79
196 79
204 79
5 79
128 79
151 79
119 79
67 79
141 79
214 79
237 79
160 79
163 79
257 79
97 79
21 79
252 79
174 79
111 79
186 79
169 79
267 79
15 79
35 79
226 79
271 79
181 79
217 79
178 79
136 79
48 79
251 79
124 79
269 79
62 79
265 79
224 79
47 79
201 79
53 79
120 79
239 79
11 79
27 79
87 79
109 79
234 79
78 79
137 79
233 79
133 79
1 79
229 79
143 79
8 79
57 79
108 79
157 79
31 79
113 79
114 79
258 79
71 79
132 79
32 79
245 79
246 79
173 79
168 79
211 79
50 79
192 79
264 79
74 79
96 79
205 79
20 79
92 79
266 79
215 79
17 79
220 79
227 79
154 79
263 79
129 79
212 79
218 79
18 79
116 79
197 79
24 79
158 79
104 79
37 79
68 79
148 79
222 79
72 79
248 79
241 79
91 79
147 79
36 79
58 79
199 79
16 79
63 79
256 79
85 79
231 79
19 79
255 79
243 79
61 79
115 86
107 86
43 86
155 86
235 86
51 86
89 86
208 86
195 86
122 86
179 86
112 86
171 86
213 86
25 86
175 86
60 86
161 86
223 86
230 86
194 86
156 86
149 86
73 86
196 86
5 86
128 86
59 86
119 86
67 86
160 86
257 86
97 86
267 86
35 86
271 86
181 86
217 86
269 86
62 86
53 86
27 86
109 86
137 86
143 86
8 86
57 86
71 86
132 86
32 86
50 86
192 86
264 86
20 86
92 86
17 86
206 86
227 86
154 86
29 86
75 86
170 86
250 86
99 86
13 86
253 86
199 86
16 86
255 86
102 88
171 88
244 88
161 88
194 88
93 88
67 88
141 88
252 88
136 88
177 88
53 88
233 88
229 88
31 88
249 88
209 88
10 88
72 88
82 88
165 88
36 88
231 88
