251 1
50 1
192 1
115 2
23 2
149 2
73 2
128 2
141 2
237 2
109 2
115 3
195 3
112 3
270 3
254 3
230 3
149 3
73 3
151 3
67 3
237 3
160 3
257 3
252 3
174 3
271 3
181 3
14 3
217 3
178 3
136 3
224 3
47 3
201 3
53 3
120 3
239 3
27 3
109 3
234 3
133 3
57 3
157 3
71 3
32 3
17 3
104 3
98 3
64 3
33 3
63 3
85 3
231 3
61 3
115 4
107 4
159 4
43 4
208 4
122 4
135 4
213 4
270 4
244 4
60 4
254 4
230 4
156 4
52 4
149 4
73 4
83 4
196 4
67 4
214 4
237 4
160 4
181 4
217 4
178 4
136 4
47 4
201 4
53 4
234 4
108 4
114 4
173 4
268 4
182 4
205 4
263 4
209 4
139 4
28 4
242 4
222 4
64 4
33 4
241 4
49 4
199 4
69 5
122 5
179 5
12 5
213 5
156 5
240 5
83 5
59 5
160 5
97 5
178 5
27 5
109 5
50 5
192 5
6 5
16 5
135 6
254 6
12 7
60 7
83 7
67 7
141 7
237 7
35 7
62 7
265 7
53 7
157 7
75 7
158 7
37 7
4 7
115 8
107 8
159 8
43 8
155 8
235 8
51 8
89 8
270 8
83 8
164 8
196 8
204 8
151 8
67 8
57 8
173 8
195 9
179 9
12 9
254 9
156 9
5 9
128 9
214 9
257 9
48 9
109 9
57 9
113 9
263 9
147 9
195 10
122 10
175 10
60 10
2 10
83 10
164 10
204 10
141 10
214 10
257 10
21 10
14 10
109 10
137 10
113 10
114 10
245 10
37 10
99 10
95 10
259 10
241 10
82 10
84 10
207 10
55 10
199 10
63 10
85 10
231 10
237 11
23 12
160 12
35 12
62 12
265 12
27 12
74 12
250 12
68 12
253 12
98 12
49 12
125 12
199 12
63 12
115 13
23 13
149 13
73 13
214 13
181 13
136 13
224 13
47 13
201 13
53 13
109 13
157 13
17 13
209 13
98 13
82 13
175 14
109 14
108 14
158 14
16 14
256 14
115 15
107 15
159 15
43 15
155 15
235 15
51 15
89 15
208 15
69 15
122 15
179 15
102 15
112 15
135 15
144 15
12 15
171 15
213 15
270 15
25 15
175 15
60 15
254 15
161 15
230 15
194 15
156 15
52 15
2 15
23 15
149 15
73 15
83 15
164 15
196 15
204 15
5 15
151 15
59 15
67 15
141 15
237 15
160 15
163 15
257 15
252 15
174 15
267 15
35 15
226 15
271 15
14 15
217 15
178 15
136 15
48 15
124 15
269 15
62 15
265 15
224 15
47 15
201 15
53 15
120 15
239 15
11 15
27 15
87 15
109 15
234 15
233 15
133 15
229 15
143 15
8 15
57 15
108 15
157 15
31 15
113 15
114 15
258 15
71 15
132 15
32 15
245 15
246 15
168 15
211 15
50 15
192 15
264 15
268 15
182 15
74 15
190 15
96 15
66 15
205 15
20 15
92 15
266 15
17 15
206 15
227 15
263 15
212 15
218 15
197 15
24 15
158 15
104 15
6 15
118 15
68 15
209 15
242 15
253 15
184 15
262 15
148 15
98 15
138 15
82 15
172 15
40 15
147 15
142 15
121 15
65 15
80 15
146 15
127 15
42 15
125 15
3 15
152 15
225 15
36 15
58 15
199 15
16 15
63 15
85 15
19 15
25 16
83 16
67 16
160 16
35 16
62 16
265 16
27 16
63 16
85 16
109 17
190 18
115 19
107 19
159 19
43 19
155 19
235 19
51 19
89 19
208 19
69 19
195 19
122 19
179 19
102 19
112 19
135 19
144 19
12 19
171 19
213 19
270 19
25 19
175 19
244 19
189 19
161 19
223 19
230 19
52 19
2 19
23 19
81 19
240 19
73 19
83 19
164 19
196 19
204 19
128 19
151 19
67 19
141 19
214 19
237 19
160 19
163 19
257 19
97 19
21 19
252 19
174 19
267 19
35 19
226 19
271 19
181 19
178 19
136 19
48 19
251 19
124 19
269 19
62 19
265 19
224 19
47 19
201 19
53 19
239 19
191 19
27 19
87 19
109 19
234 19
137 19
233 19
238 19
1 19
229 19
143 19
8 19
57 19
108 19
157 19
31 19
113 19
258 19
71 19
132 19
245 19
168 19
50 19
192 19
264 19
268 19
190 19
96 19
205 19
20 19
92 19
266 19
17 19
206 19
154 19
263 19
212 19
75 19
158 19
6 19
249 19
170 19
94 19
250 19
68 19
209 19
139 19
10 19
99 19
184 19
56 19
148 19
259 19
33 19
241 19
82 19
49 19
147 19
4 19
228 19
41 19
127 19
125 19
130 19
152 19
247 19
232 19
188 19
162 19
225 19
9 19
198 19
36 19
260 19
261 19
199 19
63 19
256 19
85 19
19 19
255 19
243 19
61 19
115 20
107 20
43 20
51 20
208 20
69 20
195 20
102 20
135 20
12 20
171 20
213 20
270 20
244 20
161 20
223 20
230 20
194 20
149 20
73 20
83 20
164 20
196 20
5 20
128 20
67 20
141 20
214 20
237 20
160 20
163 20
252 20
174 20
169 20
14 20
136 20
124 20
269 20
47 20
201 20
239 20
109 20
234 20
137 20
233 20
229 20
57 20
108 20
157 20
245 20
246 20
192 20
264 20
205 20
266 20
215 20
227 20
129 20
158 20
104 20
6 20
222 20
98 20
64 20
33 20
82 20
147 20
146 20
127 20
42 20
125 20
130 20
199 20
85 20
16 20
19 20
255 20
115 21
107 21
159 21
43 21
155 21
235 21
51 21
89 21
208 21
69 21
122 21
112 21
144 21
12 21
270 21
25 21
175 21
189 21
223 21
230 21
52 21
23 21
81 21
149 21
240 21
73 21
83 21
164 21
128 21
67 21
237 21
111 21
178 21
136 21
124 21
269 21
62 21
224 21
47 21
201 21
53 21
120 21
239 21
11 21
109 21
234 21
133 21
229 21
143 21
31 21
114 21
132 21
32 21
245 21
264 21
190 21
96 21
92 21
266 21
263 21
218 21
158 21
104 21
6 21
37 21
118 21
99 21
98 21
138 21
248 21
36 21
199 21
16 21
63 21
85 21
243 21
61 21
43 22
89 22
208 22
69 22
195 22
122 22
102 22
112 22
135 22
12 22
171 22
213 22
270 22
175 22
244 22
254 22
161 22
156 22
2 22
81 22
149 22
73 22
83 22
196 22
67 22
141 22
237 22
163 22
257 22
21 22
252 22
111 22
186 22
35 22
226 22
178 22
48 22
265 22
201 22
53 22
239 22
27 22
87 22
109 22
234 22
78 22
233 22
229 22
108 22
157 22
258 22
245 22
246 22
168 22
264 22
205 22
266 22
17 22
158 22
104 22
6 22
37 22
209 22
56 22
148 22
82 22
147 22
188 22
16 22
63 22
135 23
254 23
128 23
124 23
124 24
269 24
109 24
233 24
245 24
135 25
213 25
254 25
128 25
257 25
178 25
124 25
109 25
233 25
113 25
114 25
258 25
246 25
16 25
57 26
108 26
250 27
68 27
12 28
270 28
23 28
93 28
47 28
201 28
109 28
233 28
71 28
132 28
170 28
68 28
91 28
115 29
107 29
159 29
43 29
155 29
235 29
51 29
89 29
69 29
195 29
122 29
179 29
112 29
135 29
171 29
213 29
270 29
25 29
60 29
161 29
156 29
2 29
23 29
81 29
149 29
73 29
83 29
151 29
67 29
141 29
237 29
160 29
35 29
271 29
181 29
62 29
265 29
47 29
201 29
239 29
27 29
109 29
229 29
8 29
57 29
157 29
114 29
258 29
168 29
50 29
192 29
190 29
205 29
92 29
17 29
220 29
154 29
158 29
222 29
64 29
82 29
4 29
103 29
198 29
38 29
36 29
16 29
63 29
115 30
107 30
159 30
155 30
195 30
179 30
112 30
135 30
144 30
12 30
213 30
270 30
25 30
175 30
244 30
254 30
161 30
230 30
194 30
156 30
52 30
2 30
23 30
81 30
149 30
240 30
73 30
83 30
164 30
196 30
204 30
5 30
128 30
151 30
67 30
237 30
160 30
163 30
257 30
252 30
174 30
186 30
169 30
35 30
226 30
217 30
178 30
136 30
124 30
269 30
62 30
265 30
224 30
47 30
201 30
53 30
11 30
27 30
109 30
234 30
78 30
133 30
86 30
229 30
143 30
8 30
57 30
108 30
31 30
113 30
71 30
132 30
32 30
245 30
246 30
173 30
100 30
50 30
268 30
205 30
17 30
206 30
227 30
154 30
263 30
129 30
212 30
218 30
18 30
197 30
24 30
158 30
104 30
6 30
249 30
118 30
250 30
68 30
209 30
148 30
98 30
248 30
82 30
49 30
147 30
146 30
188 30
225 30
58 30
55 30
199 30
16 30
63 30
256 30
85 30
231 30
19 30
243 30
135 31
144 31
270 31
244 31
223 31
163 31
136 31
251 31
109 31
57 31
108 31
197 31
158 31
170 31
63 31
60 32
137 32
145 32
213 33
109 33
270 34
83 34
67 34
109 34
264 34
268 34
209 34
179 35
270 35
149 35
240 35
83 35
141 35
271 35
48 35
87 35
109 35
157 35
258 35
82 35
243 35
181 36
224 36
47 36
201 36
109 36
50 36
192 36
264 36
110 36
115 37
107 37
159 37
43 37
155 37
235 37
51 37
89 37
67 38
83 39
115 40
107 40
159 40
43 40
155 40
235 40
51 40
89 40
208 40
102 40
112 40
135 40
171 40
213 40
270 40
230 40
194 40
23 40
81 40
149 40
73 40
128 40
160 40
217 40
177 40
124 40
224 40
47 40
201 40
53 40
27 40
8 40
157 40
113 40
114 40
264 40
6 40
209 40
222 40
98 40
33 40
146 40
127 40
42 40
125 40
130 40
176 40
210 40
3 40
243 40
61 40
69 41
71 41
50 41
115 42
107 42
159 42
208 42
69 42
270 42
175 42
244 42
189 42
254 42
194 42
23 42
149 42
73 42
83 42
196 42
128 42
67 42
141 42
174 42
181 42
136 42
177 42
124 42
62 42
224 42
201 42
53 42
239 42
27 42
109 42
234 42
233 42
8 42
157 42
71 42
132 42
245 42
173 42
168 42
264 42
74 42
20 42
17 42
24 42
158 42
104 42
6 42
209 42
138 42
248 42
39 42
82 42
41 42
63 42
255 42
243 42
61 42
109 43
223 44
115 45
51 45
179 45
135 45
12 45
270 45
161 45
81 45
83 45
196 45
151 45
226 45
136 45
224 45
47 45
201 45
57 45
108 45
17 45
212 45
209 45
91 45
147 45
199 45
255 45
115 46
43 46
69 46
195 46
102 46
112 46
12 46
213 46
244 46
223 46
156 46
52 46
81 46
149 46
73 46
83 46
164 46
196 46
5 46
59 46
67 46
141 46
237 46
160 46
163 46
257 46
97 46
21 46
174 46
111 46
35 46
178 46
177 46
62 46
265 46
47 46
239 46
11 46
191 46
27 46
87 46
109 46
234 46
229 46
8 46
57 46
108 46
31 46
114 46
71 46
132 46
246 46
50 46
264 46
74 46
190 46
96 46
66 46
205 46
92 46
17 46
220 46
227 46
24 46
158 46
118 46
139 46
99 46
138 46
39 46
82 46
49 46
84 46
199 46
16 46
63 46
231 46
243 46
109 46
158 46
195 47
122 47
179 47
112 47
12 47
213 47
230 47
52 47
149 47
73 47
164 47
5 47
151 47
214 47
237 47
160 47
163 47
257 47
21 47
252 47
174 47
186 47
35 47
226 47
178 47
136 47
177 47
47 47
120 47
27 47
87 47
109 47
78 47
233 47
133 47
229 47
57 47
108 47
31 47
258 47
32 47
245 47
246 47
74 47
190 47
96 47
66 47
205 47
215 47
17 47
263 47
158 47
118 47
68 47
209 47
253 47
188 47
199 47
16 47
256 47
85 47
19 47
62 48
109 48
115 49
107 49
159 49
43 49
155 49
235 49
51 49
89 49
208 49
69 49
179 49
135 49
171 49
213 49
244 49
189 49
254 49
23 49
81 49
149 49
73 49
164 49
67 49
141 49
163 49
257 49
21 49
35 49
226 49
14 49
178 49
48 49
201 49
53 49
120 49
239 49
109 49
78 49
57 49
157 49
32 49
246 49
264 49
74 49
190 49
96 49
66 49
17 49
158 49
37 49
209 49
39 49
49 49
199 49
16 49
231 49
243 49
19 50
135 51
254 51
178 51
132 51
20 51
109 52
113 52
258 52
245 52
115 53
107 53
159 53
43 53
155 53
235 53
122 53
179 53
112 53
135 53
171 53
270 53
175 53
244 53
189 53
60 53
254 53
161 53
230 53
106 53
52 53
81 53
73 53
196 53
128 53
67 53
214 53
237 53
160 53
163 53
252 53
169 53
35 53
226 53
181 53
178 53
136 53
124 53
269 53
62 53
265 53
201 53
120 53
239 53
109 53
234 53
78 53
137 53
133 53
238 53
229 53
8 53
157 53
113 53
114 53
258 53
132 53
32 53
245 53
173 53
168 53
100 53
211 53
50 53
192 53
123 53
74 53
190 53
96 53
205 53
20 53
92 53
215 53
220 53
26 53
154 53
218 53
197 53
24 53
104 53
6 53
118 53
250 53
68 53
110 53
99 53
13 53
148 53
222 53
98 53
259 53
138 53
91 53
147 53
76 53
228 53
121 53
146 53
127 53
42 53
125 53
130 53
176 53
210 53
3 53
44 53
70 53
152 53
247 53
63 53
256 53
255 53
213 54
160 54
35 54
14 54
62 54
265 54
27 54
63 54
144 55
159 56
69 56
195 56
122 56
135 56
144 56
171 56
60 56
23 56
83 56
128 56
141 56
163 56
257 56
35 56
226 56
224 56
47 56
201 56
57 56
114 56
71 56
50 56
212 56
250 56
68 56
165 56
193 56
162 56
166 56
107 57
135 57
144 57
81 57
5 57
67 57
237 57
136 57
177 57
124 57
27 57
109 57
113 57
258 57
245 57
168 57
50 57
192 57
264 57
205 57
20 57
92 57
266 57
158 57
95 57
140 57
64 57
49 57
58 57
270 58
149 58
73 58
214 58
252 58
124 58
269 58
31 58
173 58
24 58
250 58
242 58
115 59
195 59
122 59
67 59
237 59
160 59
252 59
174 59
35 59
62 59
265 59
239 59
27 59
109 59
258 59
16 59
63 59
19 59
57 60
155 61
135 61
144 61
254 61
161 61
73 61
128 61
67 61
160 61
120 61
191 61
27 61
109 61
168 61
227 61
222 61
260 61
115 62
107 62
159 62
43 62
155 62
235 62
51 62
89 62
135 62
254 62
161 62
81 62
67 62
11 62
109 62
57 62
113 62
132 62
32 62
255 62
171 64
213 64
149 64
128 64
141 64
237 64
160 64
163 64
35 64
177 64
124 64
269 64
62 64
265 64
27 64
109 64
245 64
17 64
29 64
218 64
158 64
248 64
40 64
167 64
45 64
16 64
63 64
213 65
81 65
67 65
141 65
237 65
160 65
35 65
62 65
265 65
27 65
63 65
122 66
179 66
213 66
244 66
83 66
164 66
196 66
67 66
141 66
214 66
237 66
160 66
163 66
257 66
97 66
267 66
35 66
178 66
177 66
62 66
265 66
11 66
27 66
109 66
8 66
57 66
108 66
157 66
114 66
258 66
246 66
50 66
192 66
264 66
24 66
158 66
104 66
6 66
63 66
213 67
244 67
189 67
160 67
35 67
62 67
265 67
27 67
113 67
220 67
63 67
115 68
107 68
159 68
43 68
155 68
235 68
51 68
89 68
208 68
102 68
213 68
270 68
25 68
81 68
149 68
73 68
83 68
128 68
119 68
67 68
141 68
214 68
160 68
163 68
257 68
97 68
21 68
35 68
14 68
136 68
177 68
269 68
62 68
265 68
53 68
27 68
143 68
57 68
108 68
157 68
31 68
258 68
71 68
132 68
245 68
211 68
50 68
192 68
92 68
129 68
24 68
158 68
104 68
170 68
13 68
222 68
63 68
255 68
102 69
50 69
192 69
205 69
213 70
163 70
257 70
21 70
157 70
158 70
104 70
6 70
81 71
67 71
237 71
160 71
35 71
62 71
265 71
53 71
239 71
27 71
63 71
144 72
254 73
257 73
124 73
224 73
47 73
109 73
233 73
57 73
108 73
50 73
192 73
264 73
55 73
144 74
141 74
50 74
192 74
137 75
254 76
115 77
107 77
159 77
43 77
155 77
235 77
51 77
89 77
208 77
69 77
195 77
179 77
112 77
135 77
12 77
171 77
213 77
270 77
25 77
60 77
254 77
161 77
223 77
230 77
194 77
106 77
156 77
2 77
81 77
149 77
73 77
83 77
164 77
196 77
128 77
67 77
160 77
163 77
257 77
97 77
252 77
174 77
186 77
169 77
35 77
226 77
271 77
181 77
136 77
48 77
251 77
124 77
269 77
62 77
265 77
224 77
47 77
201 77
53 77
239 77
11 77
27 77
109 77
234 77
137 77
233 77
238 77
86 77
229 77
143 77
8 77
57 77
108 77
157 77
31 77
113 77
258 77
71 77
132 77
32 77
245 77
246 77
50 77
192 77
264 77
268 77
205 77
20 77
92 77
266 77
215 77
17 77
220 77
154 77
263 77
212 77
18 77
116 77
158 77
104 77
6 77
209 77
139 77
99 77
82 77
131 77
91 77
147 77
3 77
188 77
36 77
58 77
199 77
16 77
63 77
85 77
231 77
19 77
255 77
115 78
155 78
189 78
223 78
81 78
83 78
128 78
111 78
186 78
178 78
48 78
251 78
201 78
191 78
234 78
157 78
113 78
168 78
205 78
266 78
206 78
75 78
148 78
7 78
241 78
82 78
91 78
65 78
80 78
41 78
103 78
90 78
167 78
193 78
88 78
30 78
203 78
162 78
225 78
180 78
9 78
198 78
38 78
36 78
260 78
58 78
200 78
261 78
77 78
202 78
117 78
243 78
69 79
144 79
12 79
171 79
270 79
161 79
230 79
194 79
52 79
83 79
128 79
67 79
141 79
237 79
160 79
163 79
111 79
35 79
226 79
62 79
265 79
224 79
47 79
201 79
53 79
27 79
87 79
109 79
234 79
229 79
258 79
132 79
264 79
24 79
37 79
82 79
41 79
84 79
36 79
63 79
256 79
149 80
73 80
83 80
128 80
67 80
141 80
237 80
160 80
163 80
35 80
14 80
178 80
124 80
62 80
265 80
27 80
109 80
233 80
8 80
32 80
50 80
192 80
264 80
215 80
158 80
16 80
63 80
175 81
67 81
201 81
109 81
57 81
157 81
158 81
141 82
237 82
160 82
35 82
62 82
265 82
27 82
87 82
132 82
63 82
115 83
107 83
159 83
43 83
155 83
235 83
51 83
89 83
57 83
108 83
255 83
237 84
157 84
128 85
57 85
108 85
157 85
195 86
102 86
112 86
12 86
171 86
213 86
270 86
25 86
230 86
194 86
149 86
240 86
73 86
83 86
196 86
59 86
160 86
257 86
252 86
174 86
169 86
35 86
14 86
269 86
62 86
265 86
53 86
27 86
109 86
229 86
143 86
157 86
31 86
190 86
66 86
205 86
17 86
212 86
116 86
158 86
68 86
139 86
242 86
10 86
253 86
184 86
138 86
91 86
40 86
228 86
84 86
16 86
63 86
256 86
19 86
115 87
107 87
159 87
43 87
155 87
235 87
51 87
89 87
195 87
122 87
179 87
135 87
144 87
12 87
171 87
213 87
270 87
254 87
194 87
156 87
23 87
81 87
149 87
73 87
83 87
164 87
196 87
5 87
59 87
67 87
141 87
214 87
237 87
160 87
163 87
252 87
174 87
169 87
35 87
226 87
271 87
14 87
217 87
178 87
136 87
124 87
62 87
265 87
224 87
47 87
201 87
53 87
120 87
239 87
27 87
87 87
109 87
234 87
78 87
233 87
133 87
238 87
1 87
229 87
143 87
8 87
57 87
108 87
114 87
71 87
132 87
246 87
168 87
50 87
192 87
74 87
190 87
96 87
66 87
205 87
20 87
266 87
215 87
17 87
227 87
154 87
212 87
218 87
24 87
158 87
104 87
6 87
249 87
118 87
209 87
253 87
98 87
138 87
82 87
172 87
165 87
76 87
142 87
232 87
199 87
16 87
85 87
19 87
243 87
213 88
189 88
196 88
141 88
237 88
160 88
163 88
35 88
181 88
217 88
62 88
265 88
53 88
27 88
109 88
133 88
57 88
108 88
157 88
258 88
192 88
20 88
263 88
24 88
46 88
63 88
61 88
159 89
155 89
89 89
208 89
179 89
171 89
270 89
244 89
60 89
2 89
149 89
73 89
83 89
164 89
196 89
119 89
67 89
178 89
124 89
269 89
265 89
109 89
234 89
233 89
8 89
57 89
108 89
157 89
173 89
211 89
264 89
205 89
263 89
158 89
249 89
242 89
10 89
99 89
259 89
138 89
131 89
40 89
147 89
165 89
61 89
208 90
25 90
106 90
196 90
181 90
11 90
263 90
242 90
135 91
254 91
160 91
35 91
62 91
265 91
11 91
27 91
63 91
115 92
107 92
159 92
43 92
155 92
235 92
51 92
89 92
135 92
12 92
171 92
213 92
149 92
73 92
83 92
67 92
141 92
237 92
160 92
163 92
257 92
97 92
21 92
27 92
109 92
234 92
57 92
108 92
158 92
102 93
270 93
67 93
160 93
27 93
7 93
122 94
112 94
135 94
270 94
60 94
254 94
161 94
128 94
67 94
169 94
178 94
48 94
11 94
191 94
27 94
109 94
234 94
157 94
258 94
50 94
192 94
205 94
17 94
227 94
158 94
148 94
63 94
255 94
213 95
141 95
214 95
109 95
28 95
83 96
109 96
179 97
135 97
213 97
164 97
14 97
11 97
57 97
192 97
264 97
263 97
18 97
116 97
158 97
104 97
6 97
99 97
115 98
107 98
159 98
43 98
155 98
235 98
51 98
89 98
208 98
69 98
112 98
135 98
240 98
83 98
5 98
67 98
160 98
35 98
226 98
239 98
27 98
233 98
86 98
229 98
157 98
132 98
264 98
104 98
6 98
16 98
255 98
115 99
107 99
159 99
43 99
155 99
235 99
51 99
89 99
69 99
195 99
122 99
112 99
144 99
171 99
213 99
270 99
25 99
60 99
230 99
156 99
23 99
149 99
73 99
83 99
5 99
128 99
67 99
141 99
214 99
237 99
160 99
163 99
257 99
252 99
186 99
35 99
226 99
271 99
14 99
177 99
124 99
269 99
62 99
265 99
224 99
47 99
201 99
120 99
239 99
11 99
27 99
87 99
109 99
234 99
233 99
229 99
8 99
57 99
108 99
31 99
258 99
71 99
245 99
173 99
50 99
192 99
264 99
74 99
190 99
96 99
66 99
205 99
92 99
266 99
215 99
17 99
29 99
263 99
158 99
104 99
6 99
118 99
170 99
250 99
68 99
98 99
4 99
127 99
3 99
232 99
188 99
58 99
199 99
16 99
63 99
256 99
85 99
255 99
243 99
250 100
68 100
143 101
192 101
122 102
102 102
112 102
12 102
156 102
73 102
164 102
151 102
141 102
160 102
35 102
62 102
265 102
120 102
27 102
109 102
234 102
246 102
263 102
218 102
197 102
158 102
170 102
131 102
147 102
188 102
199 102
16 102
63 102
256 102
85 102
243 102
107 103
52 103
83 103
227 103
129 103
212 103
24 103
177 104
109 104
179 105
60 105
149 105
164 105
160 105
35 105
109 105
57 105
215 105
2 106
83 106
67 106
163 106
157 106
246 106
115 107
107 107
159 107
43 107
155 107
235 107
51 107
89 107
208 107
69 107
122 107
112 107
135 107
171 107
213 107
270 107
25 107
244 107
254 107
161 107
194 107
2 107
23 107
73 107
83 107
164 107
196 107
204 107
151 107
59 107
67 107
237 107
160 107
21 107
252 107
174 107
186 107
267 107
35 107
271 107
181 107
14 107
217 107
124 107
62 107
265 107
224 107
47 107
201 107
27 107
87 107
109 107
233 107
133 107
229 107
143 107
8 107
57 107
157 107
31 107
71 107
245 107
168 107
50 107
192 107
123 107
74 107
190 107
96 107
66 107
205 107
20 107
92 107
266 107
215 107
17 107
263 107
212 107
218 107
158 107
104 107
6 107
118 107
170 107
209 107
242 107
253 107
98 107
7 107
64 107
33 107
82 107
172 107
65 107
232 107
188 107
36 107
16 107
63 107
256 107
85 107
19 107
243 107
61 107
115 108
107 108
159 108
43 108
155 108
235 108
51 108
89 108
208 108
69 108
195 108
179 108
102 108
112 108
144 108
12 108
213 108
270 108
60 108
161 108
194 108
81 108
149 108
73 108
83 108
164 108
196 108
128 108
67 108
141 108
214 108
237 108
160 108
257 108
252 108
174 108
169 108
35 108
271 108
181 108
217 108
136 108
177 108
48 108
124 108
269 108
224 108
47 108
201 108
53 108
120 108
27 108
109 108
234 108
78 108
137 108
233 108
238 108
86 108
1 108
229 108
57 108
108 108
157 108
31 108
113 108
258 108
71 108
132 108
245 108
168 108
192 108
92 108
17 108
220 108
212 108
158 108
104 108
6 108
209 108
98 108
82 108
3 108
63 108
231 108
19 108
243 108
57 109
108 109
135 110
270 110
161 110
237 110
124 110
269 110
265 110
239 110
8 110
132 110
173 110
50 110
192 110
264 110
268 110
205 110
20 110
92 110
263 110
104 110
6 110
7 110
199 110
115 111
107 111
159 111
43 111
155 111
235 111
51 111
89 111
179 111
141 111
214 111
237 111
141 112
160 112
35 112
62 112
265 112
27 112
63 112
128 113
67 113
237 113
109 113
57 113
108 113
32 113
218 113
213 114
270 114
81 114
108 114
218 114
68 114
107 115
208 115
213 115
270 115
149 115
83 115
160 115
163 115
257 115
97 115
252 115
177 115
57 115
157 115
50 115
192 115
264 115
158 115
243 115
107 116
189 116
161 116
151 116
67 116
160 116
163 116
252 116
27 116
87 116
109 116
234 116
258 116
132 116
192 116
74 116
190 116
96 116
66 116
26 116
24 116
262 116
103 116
115 117
107 117
159 117
43 117
208 117
69 117
195 117
122 117
179 117
135 117
144 117
12 117
213 117
270 117
25 117
244 117
189 117
60 117
254 117
161 117
194 117
23 117
149 117
73 117
83 117
164 117
196 117
151 117
59 117
119 117
141 117
214 117
237 117
160 117
257 117
252 117
174 117
186 117
271 117
14 117
217 117
178 117
177 117
251 117
124 117
224 117
47 117
201 117
53 117
120 117
239 117
27 117
109 117
233 117
229 117
8 117
57 117
108 117
157 117
31 117
114 117
71 117
132 117
245 117
246 117
168 117
50 117
192 117
268 117
182 117
92 117
266 117
17 117
220 117
154 117
29 117
263 117
158 117
104 117
6 117
68 117
209 117
184 117
64 117
138 117
82 117
172 117
42 117
105 117
36 117
63 117
85 117
19 117
255 117
243 117
61 117
208 118
213 118
81 118
83 118
164 118
128 118
48 118
53 118
109 118
157 118
17 118
148 118
243 118
171 119
213 119
156 119
149 119
73 119
59 119
237 119
15 119
109 119
46 119
38 119
67 120
83 121
141 121
214 121
267 121
181 121
217 121
124 121
27 121
109 121
233 121
157 121
91 121
135 122
171 122
161 122
81 122
252 122
174 122
120 122
19 122
195 123
128 123
111 123
233 123
17 123
222 123
195 124
135 124
254 124
11 124
50 124
192 124
264 124
6 124
220 125
115 126
2 126
240 126
119 126
15 126
87 126
109 126
114 126
211 126
264 126
268 126
182 126
96 126
129 126
209 126
139 126
184 126
64 126
33 126
40 126
61 126
115 127
107 127
159 127
43 127
155 127
235 127
51 127
89 127
57 127
108 127
4 127
225 127
255 127
51 128
122 128
60 128
156 128
141 128
214 128
160 128
257 128
178 128
251 128
11 128
87 128
137 128
143 128
258 128
32 128
50 128
192 128
264 128
205 128
20 128
266 128
215 128
75 128
158 128
199 128
16 128
63 128
256 128
74 129
190 129
96 129
66 129
115 130
235 130
51 130
208 130
69 130
195 130
122 130
179 130
112 130
135 130
144 130
12 130
171 130
213 130
270 130
25 130
175 130
244 130
189 130
60 130
161 130
230 130
194 130
156 130
52 130
2 130
23 130
81 130
149 130
73 130
83 130
164 130
196 130
204 130
5 130
128 130
67 130
237 130
160 130
163 130
257 130
97 130
252 130
174 130
111 130
186 130
169 130
267 130
35 130
226 130
271 130
181 130
14 130
217 130
178 130
136 130
177 130
124 130
269 130
62 130
224 130
47 130
201 130
120 130
11 130
27 130
87 130
109 130
137 130
233 130
229 130
8 130
57 130
108 130
157 130
31 130
258 130
71 130
32 130
245 130
246 130
168 130
50 130
264 130
268 130
74 130
190 130
96 130
66 130
20 130
92 130
17 130
220 130
227 130
29 130
263 130
197 130
24 130
158 130
104 130
6 130
37 130
170 130
250 130
68 130
209 130
242 130
184 130
56 130
98 130
7 130
64 130
33 130
82 130
131 130
91 130
40 130
147 130
121 130
65 130
80 130
146 130
42 130
125 130
152 130
203 130
38 130
36 130
77 130
199 130
16 130
85 130
231 130
69 130
214 130
237 130
161 131
124 131
250 131
68 131
82 131
36 131
155 132
208 132
112 132
135 132
144 132
213 132
270 132
25 132
175 132
244 132
161 132
23 132
240 132
83 132
164 132
119 132
67 132
163 132
174 132
271 132
48 132
269 132
224 132
47 132
201 132
109 132
229 132
8 132
57 132
108 132
71 132
190 132
266 132
17 132
227 132
104 132
170 132
209 132
199 132
16 132
63 132
214 133
111 133
178 133
47 133
258 134
208 135
69 135
179 135
102 135
112 135
135 135
213 135
270 135
25 135
254 135
161 135
194 135
52 135
23 135
81 135
149 135
73 135
83 135
5 135
67 135
141 135
214 135
160 135
257 135
252 135
174 135
35 135
181 135
178 135
136 135
177 135
124 135
269 135
62 135
265 135
224 135
47 135
201 135
53 135
239 135
27 135
109 135
234 135
137 135
229 135
57 135
108 135
31 135
258 135
245 135
246 135
168 135
192 135
264 135
123 135
17 135
227 135
158 135
104 135
6 135
98 135
64 135
138 135
199 135
16 135
63 135
85 135
19 135
243 135
61 135
208 136
102 136
213 136
270 136
161 136
149 136
73 136
83 136
67 136
214 136
237 136
160 136
163 136
252 136
14 136
217 136
136 136
62 136
265 136
224 136
53 136
239 136
27 136
87 136
109 136
233 136
133 136
229 136
57 136
114 136
245 136
173 136
74 136
212 136
158 136
104 136
6 136
118 136
250 136
209 136
222 136
91 136
147 136
228 136
199 136
16 136
67 137
111 137
11 137
37 137
91 137
188 137
16 137
