115 15
43 15
235 15
89 15
69 15
112 15
171 15
213 15
270 15
25 15
106 15
23 15
149 15
73 15
83 15
164 15
196 15
5 15
151 15
67 15
160 15
163 15
257 15
21 15
252 15
35 15
271 15
14 15
178 15
136 15
224 15
47 15
201 15
53 15
120 15
239 15
11 15
27 15
109 15
234 15
8 15
57 15
108 15
132 15
245 15
192 15
264 15
205 15
17 15
227 15
263 15
68 15
98 15
72 15
147 15
142 15
42 15
166 15
199 15
16 15
19 15
255 15
115 29
107 29
235 29
51 29
135 29
195 29
122 29
179 29
102 29
112 29
171 29
270 29
25 29
175 29
189 29
60 29
254 29
161 29
194 29
156 29
52 29
2 29
23 29
149 29
73 29
67 29
214 29
160 29
163 29
257 29
252 29
174 29
35 29
271 29
181 29
217 29
178 29
136 29
62 29
265 29
201 29
53 29
27 29
109 29
133 29
57 29
157 29
31 29
113 29
258 29
71 29
132 29
245 29
246 29
168 29
50 29
192 29
205 29
92 29
17 29
220 29
227 29
218 29
24 29
158 29
104 29
6 29
250 29
72 29
147 29
199 29
16 29
85 29
231 29
19 29
179 42
181 42
217 42
136 42
53 42
239 42
109 42
157 42
68 42
209 42
112 46
213 46
244 46
59 46
163 46
257 46
97 46
271 46
48 46
109 46
57 46
108 46
113 46
114 46
258 46
71 46
158 46
72 46
82 46
199 46
16 46
43 49
155 49
51 49
89 49
135 49
69 49
254 49
23 49
81 49
164 49
196 49
204 49
67 49
141 49
169 49
271 49
178 49
48 49
62 49
224 49
239 49
109 49
234 49
233 49
8 49
57 49
192 49
264 49
20 49
215 49
17 49
29 49
68 49
209 49
222 49
91 49
4 49
260 49
199 49
255 49
115 19
107 19
159 19
43 19
43 19
155 19
235 19
51 19
135 19
135 19
69 19
195 19
122 19
179 19
144 19
12 19
171 19
213 19
270 19
25 19
175 19
244 19
189 19
60 19
254 19
106 19
156 19
52 19
23 19
81 19
149 19
73 19
83 19
196 19
204 19
128 19
93 19
151 19
67 19
141 19
237 19
160 19
163 19
257 19
97 19
252 19
174 19
186 19
169 19
35 19
181 19
217 19
178 19
124 19
269 19
62 19
265 19
224 19
47 19
53 19
239 19
239 19
27 19
109 19
109 19
137 19
233 19
133 19
143 19
57 19
108 19
157 19
31 19
113 19
114 19
258 19
71 19
132 19
32 19
245 19
205 19
92 19
215 19
17 19
206 19
227 19
212 19
158 19
16 19
63 19
85 19
19 19
243 19
115 77
107 77
159 77
43 77
155 77
235 77
51 77
135 77
69 77
195 77
171 77
213 77
270 77
244 77
161 77
52 77
2 77
23 77
149 77
73 77
83 77
164 77
128 77
67 77
237 77
160 77
97 77
252 77
174 77
35 77
271 77
181 77
178 77
48 77
251 77
124 77
269 77
62 77
224 77
47 77
201 77
53 77
120 77
239 77
27 77
109 77
234 77
137 77
233 77
229 77
143 77
8 77
31 77
258 77
132 77
246 77
50 77
192 77
264 77
205 77
215 77
17 77
220 77
206 77
263 77
212 77
218 77
110 77
148 77
98 77
72 77
147 77
199 77
16 77
85 77
231 77
255 77
243 77
155 79
195 79
102 79
25 79
52 79
149 79
73 79
5 79
128 79
93 79
67 79
237 79
160 79
62 79
265 79
27 79
109 79
234 79
57 79
227 79
231 79
243 79
171 86
213 86
160 86
35 86
269 86
62 86
265 86
27 86
206 86
158 86
16 86
63 86
107 88
155 88
122 88
171 88
2 88
163 88
257 88
62 88
265 88
71 88
220 88
263 88
24 88
46 88
85 88
61 88
